2.242109455e-05 1.047519859e-08 18.374255413 3.382601722 3.936363510 1.691300861 2.255067773
2.289618646e-05 1.025783990e-08 18.395223556 3.382601944 3.936382748 1.691300884 2.255067783
2.338134511e-05 1.004499136e-08 18.416191699 3.382602286 3.936401699 1.691300901 2.255067774
2.387678374e-05 9.836559399e-09 18.437159842 3.382602804 3.936420417 1.691300926 2.255067761
2.438271991e-05 9.632452366e-09 18.458127985 3.382603588 3.936439001 1.691300930 2.255067699
2.489937594e-05 9.432580522e-09 18.479096128 3.382604728 3.936457532 1.691300936 2.255067610
2.542697876e-05 9.236855985e-09 18.500064271 3.382606350 3.936476128 1.691300954 2.255067496
2.596575998e-05 9.045192704e-09 18.521032413 3.382608620 3.936494947 1.691300989 2.255067346
2.651595578e-05 8.857506404e-09 18.542000556 3.382611839 3.936514267 1.691301025 2.255067121
2.707780766e-05 8.673714561e-09 18.562968699 3.382616262 3.936534312 1.691301118 2.255066864
2.765156121e-05 8.493736373e-09 18.583936842 3.382622411 3.936555572 1.691301214 2.255066471
2.823746704e-05 8.317492704e-09 18.604904985 3.382630922 3.936578630 1.691301289 2.255065857
2.883578124e-05 8.144906062e-09 18.625873128 3.382642474 3.936604091 1.691301400 2.255065039
2.944676218e-05 7.975900564e-09 18.646841271 3.382658459 3.936633276 1.691301260 2.255063556
3.007067546e-05 7.810401904e-09 18.667809414 3.382680041 3.936667228 1.691300927 2.255061384
3.070779029e-05 7.648337315e-09 18.688777557 3.382708931 3.936707513 1.691300319 2.255058287
3.135838184e-05 7.489635542e-09 18.709745700 3.382746983 3.936755789 1.691299551 2.255054263
3.202273472e-05 7.334226803e-09 18.730713843 3.382795669 3.936813241 1.691299355 2.255050090
3.270112085e-05 7.182042771e-09 18.751681986 3.382859971 3.936884658 1.691298357 2.255043702
3.339382888e-05 7.033016532e-09 18.772650129 3.382943264 3.936973043 1.691296849 2.255035192
3.410114878e-05 6.887082566e-09 18.793618272 3.383050114 3.937082527 1.691294865 2.255024256
3.482337221e-05 6.744176704e-09 18.814586415 3.383186232 3.937218320 1.691292294 2.255010321
3.556079251e-05 6.604236117e-09 18.835554558 3.383358535 3.937386734 1.691288975 2.254992670
3.631370426e-05 6.467199276e-09 18.856522701 3.383575247 3.937595278 1.691284718 2.254970456
3.708240237e-05 6.333005924e-09 18.877490844 3.383846102 3.937852860 1.691279291 2.254942674
3.786718090e-05 6.201597066e-09 18.898458987 3.384182560 3.938169965 1.691272417 2.254908141
3.866833224e-05 6.072914920e-09 18.919427130 3.384597968 3.938558822 1.691263770 2.254865485
3.948614573e-05 5.946902908e-09 18.940395273 3.385107790 3.939033612 1.691252975 2.254813137
4.032090580e-05 5.823505625e-09 18.961363415 3.385729900 3.939610748 1.691239559 2.254749242
4.117289039e-05 5.702668813e-09 18.982331559 3.386484763 3.940309060 1.691222916 2.254671618
4.204236995e-05 5.584339351e-09 19.003299701 3.387395580 3.941149904 1.691202392 2.254577851
4.292960792e-05 5.468465203e-09 19.024267844 3.388488197 3.942157065 1.691177455 2.254465523
4.383485416e-05 5.354995424e-09 19.045235987 3.389791893 3.943357563 1.691147235 2.254331592
4.475834382e-05 5.243880127e-09 19.066204130 3.391339427 3.944781694 1.691110614 2.254172510
4.570029820e-05 5.135070453e-09 19.087172274 3.393166800 3.946462772 1.691066451 2.253984535
4.666092208e-05 5.028518564e-09 19.108140416 3.395313440 3.948437322 1.691013497 2.253763621
4.764040180e-05 4.924177607e-09 19.129108560 3.397822269 3.950745162 1.690950365 2.253505390
4.863890291e-05 4.822001712e-09 19.150076702 3.400739749 3.953429453 1.690875470 2.253205075
4.965656914e-05 4.721945946e-09 19.171044846 3.404115777 3.956536619 1.690787042 2.252857558
5.069352170e-05 4.623966326e-09 19.192012988 3.408003454 3.960116124 1.690683178 2.252457466
5.174985768e-05 4.528019765e-09 19.212981131 3.412459008 3.964220415 1.690561759 2.251999107
5.282565006e-05 4.434064078e-09 19.233949274 3.417541435 3.968904603 1.690420504 2.251476571
5.392094682e-05 4.342057958e-09 19.254917417 3.423312256 3.974226235 1.690256913 2.250883700
5.503577321e-05 4.251960951e-09 19.275885560 3.429834935 3.980244736 1.690068401 2.250214321
5.617013060e-05 4.163733442e-09 19.296853703 3.437174654 3.987021228 1.689852166 2.249462118
5.732399830e-05 4.077336640e-09 19.317821846 3.445397743 3.994617981 1.689605231 2.248620743
5.849733597e-05 3.992732556e-09 19.338789989 3.454571125 4.003097896 1.689324492 2.247683931
5.969008561e-05 3.909883994e-09 19.359758132 3.464761791 4.012523996 1.689006731 2.246645571
6.090217514e-05 3.828754527e-09 19.380726275 3.476036174 4.022958827 1.688648658 2.245499813
6.213351037e-05 3.749308484e-09 19.401694418 3.488460543 4.034464939 1.688246194 2.244240166
6.338400874e-05 3.671510935e-09 19.422662561 3.502097849 4.047101583 1.687796549 2.242862276
6.465357405e-05 3.595327671e-09 19.443630704 3.517009770 4.060926936 1.687296235 2.241361342
6.594210867e-05 3.520725195e-09 19.464598847 3.533255462 4.075996808 1.686741684 2.239732953
6.724952230e-05 3.447670711e-09 19.485566990 3.550890760 4.092363834 1.686129581 2.237973538
6.857573023e-05 3.376132096e-09 19.506535133 3.569968283 4.110077601 1.685456496 2.236079892
6.992066001e-05 3.306077895e-09 19.527503276 3.590536878 4.129184099 1.684719096 2.234049448
7.128425627e-05 3.237477310e-09 19.548471419 3.612641299 4.149725363 1.683914241 2.231880391
7.266648787e-05 3.170300172e-09 19.569439562 3.636321777 4.171739050 1.683039188 2.229571894
7.406733961e-05 3.104516952e-09 19.590407705 3.661614713 4.195259152 1.682090944 2.227123249
7.548683078e-05 3.040098721e-09 19.611375848 3.688551533 4.220314791 1.681067202 2.224535047
7.692500298e-05 2.977017160e-09 19.632343991 3.717159669 4.246931243 1.679965483 2.221808014
7.838193070e-05 2.915244531e-09 19.653312134 3.747462037 4.275129376 1.678783644 2.218943624
7.985772340e-05 2.854753674e-09 19.674280277 3.779477072 4.304925656 1.677519899 2.215944074
8.135252581e-05 2.795517992e-09 19.695248420 3.813218993 4.336332446 1.676172776 2.212812176
8.286651917e-05 2.737511441e-09 19.716216562 3.848697823 4.369357983 1.674741087 2.209551253
8.439992182e-05 2.680708517e-09 19.737184705 3.885919702 4.404006707 1.673223976 2.206165160
8.595298941e-05 2.625084244e-09 19.758152848 3.924886918 4.440279267 1.671620839 2.202658115
8.752601549e-05 2.570614166e-09 19.779120991 3.965598217 4.478172861 1.669931407 2.199034768
8.911933491e-05 2.517274334e-09 19.800089134 4.008048690 4.517681084 1.668155876 2.195300312
9.073331724e-05 2.465041294e-09 19.821057277 4.052230341 4.558794525 1.666294571 2.191460007
9.236837093e-05 2.413892082e-09 19.842025420 4.098132048 4.601500728 1.664348192 2.187519470
9.402494218e-05 2.363804208e-09 19.862993563 4.145739767 4.645784415 1.662317765 2.183484566
9.570351203e-05 2.314755649e-09 19.883961706 4.195036717 4.691627632 1.660204480 2.179361171
9.740459877e-05 2.266724840e-09 19.904929849 4.246003541 4.739009990 1.658009892 2.175155415
9.912875497e-05 2.219690662e-09 19.925897992 4.298618301 4.787908578 1.655735700 2.170873367
1.008765686e-04 2.173632436e-09 19.946866135 4.352856886 4.838298513 1.653383963 2.166521307
1.026486600e-04 2.128529911e-09 19.967834278 4.408692947 4.890152781 1.650956853 2.162105395
1.044456840e-04 2.084363256e-09 19.988802421 4.466097797 4.943442151 1.648456763 2.157631793
1.062683266e-04 2.041113052e-09 20.009770564 4.525040972 4.998135832 1.645886285 2.153106648
1.081173064e-04 1.998760283e-09 20.030738707 4.585489802 5.054200968 1.643248139 2.148535984
1.099933720e-04 1.957286327e-09 20.051706850 4.647410150 5.111603522 1.640545268 2.143925845
1.118973029e-04 1.916672949e-09 20.072674993 4.710765284 5.170306876 1.637780508 2.139281851
1.138299087e-04 1.876902292e-09 20.093643136 4.775517698 5.230274134 1.634957134 2.134609934
1.157920284e-04 1.837956870e-09 20.114611279 4.841627626 5.291466232 1.632078330 2.129915646
1.177845303e-04 1.799819559e-09 20.135579422 4.909053744 5.353842835 1.629147388 2.125204427
1.198083115e-04 1.762473592e-09 20.156547565 4.977752461 5.417361433 1.626167445 2.120481271
1.218642979e-04 1.725902547e-09 20.177515708 5.047679921 5.481979889 1.623142137 2.115751609
1.239534437e-04 1.690090345e-09 20.198483851 5.118789515 5.547653274 1.620074721 2.111020151
1.260767301e-04 1.655021241e-09 20.219451994 5.191034106 5.614336667 1.616968725 2.106291767
1.282351682e-04 1.620679815e-09 20.240420137 5.264364390 5.681983137 1.613827538 2.101570953
1.304297972e-04 1.587050969e-09 20.261388280 5.338729622 5.750544616 1.610654548 2.096862023
1.326616808e-04 1.554119915e-09 20.282356423 5.414077849 5.819972132 1.607453001 2.092168952
1.349319164e-04 1.521872176e-09 20.303324565 5.490357592 5.890218010 1.604226910 2.087496571
1.372416262e-04 1.490293572e-09 20.324292708 5.567511587 5.961228017 1.600978750 2.082847537
1.395919589e-04 1.459370219e-09 20.345260851 5.645485826 6.032952497 1.597712190 2.078225974
1.419840972e-04 1.429088520e-09 20.366228994 5.724223062 6.105338484 1.594430493 2.073635344
1.444192506e-04 1.399435162e-09 20.387197138 5.803668357 6.178336316 1.591137699 2.069080047
1.468986501e-04 1.370397106e-09 20.408165281 5.883756867 6.251884764 1.587835006 2.064560617
1.494235654e-04 1.341961586e-09 20.429133423 5.964433400 6.325934907 1.584526886 2.060081857
1.519952966e-04 1.314116098e-09 20.450101566 6.045635723 6.400429805 1.581216062 2.055646165
1.546151615e-04 1.286848399e-09 20.471069709 6.127304566 6.475316298 1.577905648 2.051256422
1.572845150e-04 1.260146501e-09 20.492037852 6.209373642 6.550533391 1.574597358 2.046913574
1.600047501e-04 1.233998662e-09 20.513005995 6.291785728 6.626031314 1.571295572 2.042622066
1.627772845e-04 1.208393388e-09 20.533974138 6.374475213 6.701750589 1.568002306 2.038383169
1.656035521e-04 1.183319419e-09 20.554942281 6.457374845 6.777629876 1.564718648 2.034196899
1.684850373e-04 1.158765730e-09 20.575910424 6.540429285 6.853622335 1.561449280 2.030068018
1.714232604e-04 1.134721527e-09 20.596878567 6.623567560 6.929663099 1.558195165 2.025996305
1.744197588e-04 1.111176237e-09 20.617846710 6.706730467 7.005700939 1.554959430 2.021984432
1.774760946e-04 1.088119508e-09 20.638814853 6.789852194 7.081676889 1.551743240 2.018032456
1.805938783e-04 1.065541202e-09 20.659782996 6.872872718 7.157539003 1.548549501 2.014142731
1.837747651e-04 1.043431393e-09 20.680751139 6.955724546 7.233226956 1.545379612 2.010315589
1.870204246e-04 1.021780358e-09 20.701719282 7.038350557 7.308691955 1.542236407 2.006553309
1.903325576e-04 1.000578579e-09 20.722687425 7.120688228 7.383878868 1.539121174 2.002856111
1.937129008e-04 9.798167341e-10 20.743655568 7.202673267 7.458730491 1.536034624 1.999223461
1.971632287e-04 9.594856935e-10 20.764623711 7.284248007 7.533197041 1.532978721 1.995656502
2.006853609e-04 9.395765191e-10 20.785591854 7.365358251 7.607232581 1.529956114 1.992157297
2.042811458e-04 9.200804566e-10 20.806559997 7.445943080 7.680783208 1.526967449 1.988725269
2.079524712e-04 9.009889345e-10 20.827528140 7.525946330 7.753800177 1.524014124 1.985360852
2.117012712e-04 8.822935585e-10 20.848496283 7.605320030 7.826243713 1.521099047 1.982066521
2.155294784e-04 8.639861084e-10 20.869464426 7.683996991 7.898051624 1.518219760 1.978837642
2.194390913e-04 8.460585348e-10 20.890432569 7.761954847 7.969211620 1.515383113 1.975682001
2.234321484e-04 8.285029555e-10 20.911400712 7.839098183 8.039630045 1.512581210 1.972587743
2.275107206e-04 8.113116519e-10 20.932368855 7.915411885 8.109301678 1.509821268 1.969563198
2.316769175e-04 7.944770650e-10 20.953336998 7.990865423 8.178203498 1.507106845 1.966611849
2.359328885e-04 7.779917930e-10 20.974305141 8.065377741 8.246256532 1.504431497 1.963723871
2.402808225e-04 7.618485881e-10 20.995273283 8.138929066 8.313448659 1.501799911 1.960904313
2.447229482e-04 7.460403518e-10 21.016241426 8.211469039 8.379733668 1.499210516 1.958149911
2.492615355e-04 7.305601339e-10 21.037209569 8.282982706 8.445103404 1.496667747 1.955465441
2.538988977e-04 7.154011280e-10 21.058177712 8.353422281 8.509513408 1.494169557 1.952847072
2.586373894e-04 7.005566690e-10 21.079145855 8.422727519 8.572905335 1.491711278 1.950287506
2.634794069e-04 6.860202303e-10 21.100113998 8.490939569 8.635329870 1.489305707 1.947802773
2.684273910e-04 6.717854203e-10 21.121082141 8.557944705 8.696669884 1.486937784 1.945371788
2.734838265e-04 6.578459805e-10 21.142050284 8.623789759 8.756980825 1.484620168 1.943010466
2.786512423e-04 6.441957815e-10 21.163018427 8.688456065 8.816246768 1.482353397 1.940718586
2.839322139e-04 6.308288224e-10 21.183986570 8.751871745 8.874394423 1.480128545 1.938483353
2.893293631e-04 6.177392252e-10 21.204954713 8.814042743 8.931433371 1.477949571 1.936309183
2.948453593e-04 6.049212353e-10 21.225922856 8.874954338 8.987350504 1.475816420 1.934195170
3.004829185e-04 5.923692163e-10 21.246890999 8.934594360 9.042134863 1.473728980 1.932140376
3.062448082e-04 5.800776500e-10 21.267859142 8.992891728 9.095712673 1.471677120 1.930130533
3.121338455e-04 5.680411318e-10 21.288827285 9.049965231 9.148210863 1.469681412 1.928192348
3.181528977e-04 5.562543692e-10 21.309795428 9.105744501 9.199555295 1.467730897 1.926310516
3.243048845e-04 5.447121800e-10 21.330763571 9.160226253 9.249742579 1.465825285 1.924484000
3.305927778e-04 5.334094895e-10 21.351731714 9.213393257 9.298754223 1.463961680 1.922708317
3.370196057e-04 5.223413279e-10 21.372699857 9.265357178 9.346706769 1.462157274 1.921005801
3.435884525e-04 5.115028288e-10 21.393668000 9.315933332 9.393405099 1.460382003 1.919335815
3.503024566e-04 5.008892271e-10 21.414636143 9.365217053 9.438947928 1.458649834 1.917716462
3.571648162e-04 4.904958560e-10 21.435604286 9.413186055 9.483310207 1.456955873 1.916140728
3.641787878e-04 4.803181452e-10 21.456572429 9.459948488 9.526602771 1.455315091 1.914628118
3.713476877e-04 4.703516208e-10 21.477540572 9.505446512 9.568762705 1.453716438 1.913163476
3.786748937e-04 4.605918998e-10 21.498508715 9.549662106 9.609768645 1.452154889 1.911739708
3.861638577e-04 4.510346917e-10 21.519476858 9.592633779 9.649658007 1.450634006 1.910361201
3.938180917e-04 4.416757940e-10 21.540445001 9.634395727 9.688463302 1.449156306 1.909030975
4.016411523e-04 4.325110921e-10 21.561413143 9.674922386 9.726154596 1.447714784 1.907739390
4.096366779e-04 4.235365561e-10 21.582381287 9.714280743 9.762797886 1.446316361 1.906495398
4.178083884e-04 4.147482404e-10 21.603349429 9.752549390 9.798470904 1.444969535 1.905310080
4.261600684e-04 4.061422808e-10 21.624317572 9.789543747 9.832979331 1.443643575 1.904142240
4.346955744e-04 3.977148935e-10 21.645285715 9.825393179 9.866453267 1.442354238 1.903012691
4.434188374e-04 3.894623731e-10 21.666253858 9.860277231 9.899073842 1.441124189 1.901951484
4.523338650e-04 3.813810911e-10 21.687222002 9.893905202 9.930537858 1.439907153 1.900896770
4.614447421e-04 3.734674946e-10 21.708190144 9.926448692 9.961018299 1.438724520 1.899876947
4.707556350e-04 3.657181040e-10 21.729158287 9.957928644 9.990532872 1.437575493 1.898890851
4.802707925e-04 3.581295119e-10 21.750126430 9.988400074 10.019134191 1.436464109 1.897943788
4.899945477e-04 3.506983818e-10 21.771094573 10.018023328 10.046982622 1.435409379 1.897061044
4.999313184e-04 3.434214465e-10 21.792062716 10.046493034 10.073761410 1.434363482 1.896178822
5.100856130e-04 3.362955062e-10 21.813030860 10.073991173 10.099653349 1.433348588 1.895326660
5.204620282e-04 3.293174285e-10 21.833999002 10.100540288 10.124677781 1.432363908 1.894503504
5.310652552e-04 3.224841446e-10 21.854967145 10.126181939 10.148873489 1.431411333 1.893711890
5.419000797e-04 3.157926503e-10 21.875935288 10.151111227 10.172435855 1.430514358 1.892983177
5.529713850e-04 3.092400032e-10 21.896903431 10.174981683 10.195007818 1.429620108 1.892246911
5.642841523e-04 3.028233227e-10 21.917871574 10.197995830 10.216792623 1.428753242 1.891536030
5.758434660e-04 2.965397872e-10 21.938839717 10.220176103 10.237809748 1.427912981 1.890849570
5.876545128e-04 2.903866341e-10 21.959807860 10.241642549 10.258178018 1.427112173 1.890204746
5.997225873e-04 2.843611579e-10 21.980776003 10.262327757 10.277825561 1.426337511 1.889583916
6.120530914e-04 2.784607094e-10 22.001744146 10.282116941 10.296632665 1.425569274 1.888960891
6.246515401e-04 2.726826943e-10 22.022712289 10.301270827 10.314861270 1.424839920 1.888379070
6.375235614e-04 2.670245720e-10 22.043680432 10.319887035 10.332607306 1.424159124 1.887851480
6.506749006e-04 2.614838549e-10 22.064648575 10.337589991 10.349486853 1.423471379 1.887304246
6.641114218e-04 2.560581067e-10 22.085616718 10.354613904 10.365734905 1.422805487 1.886775918
6.778391119e-04 2.507449420e-10 22.106584861 10.370978900 10.381369252 1.422160711 1.886265663
6.918640825e-04 2.455420246e-10 22.127553004 10.386965411 10.396671286 1.421571995 1.885820230
7.061925719e-04 2.404470669e-10 22.148521147 10.402084976 10.411143938 1.420969040 1.885346051
7.208309498e-04 2.354578288e-10 22.169489290 10.416678449 10.425130002 1.420395221 1.884901128
7.357857202e-04 2.305721165e-10 22.190457433 10.430696944 10.438577747 1.419840614 1.884472400
7.510635209e-04 2.257877820e-10 22.211425576 10.444158968 10.451503723 1.419304570 1.884059179
7.666711318e-04 2.211027217e-10 22.232393719 10.457082585 10.463924147 1.418786468 1.883660816
7.826154748e-04 2.165148756e-10 22.253361861 10.469485223 10.475854672 1.418285669 1.883276640
7.989036178e-04 2.120222266e-10 22.274330004 10.481383960 10.487310676 1.417801557 1.882906016
8.155427762e-04 2.076227993e-10 22.295298147 10.492795479 10.498307199 1.417333528 1.882548322
8.325403187e-04 2.033146595e-10 22.316266290 10.503769314 10.508892521 1.416885486 1.882208955
8.499037685e-04 1.990959128e-10 22.337234433 10.514290200 10.519049597 1.416452649 1.881881722
8.676408091e-04 1.949647045e-10 22.358202576 10.524373618 10.528792508 1.416034473 1.881566091
8.857592891e-04 1.909192181e-10 22.379170719 10.534292562 10.538394881 1.415665111 1.881307785
9.042672194e-04 1.869576749e-10 22.400138862 10.543407668 10.547211067 1.415256132 1.880989085
9.231727759e-04 1.830783330e-10 22.421107005 10.552394277 10.555920153 1.414895827 1.880727900
9.424843092e-04 1.792794869e-10 22.442075148 10.560826491 10.564091903 1.414524675 1.880445056
9.622103530e-04 1.755594663e-10 22.463043291 10.569071450 10.572094804 1.414189624 1.880203334
9.823596197e-04 1.719166355e-10 22.484011434 10.576924026 10.579721209 1.413860983 1.879963333
1.002941004e-03 1.683493928e-10 22.504979577 10.584440179 10.587026375 1.413544100 1.879732363
1.023963591e-03 1.648561698e-10 22.525947720 10.591631992 10.594021470 1.413238523 1.879510005
1.045436656e-03 1.614354307e-10 22.546915863 10.598511289 10.600717414 1.412943813 1.879295850
1.067369675e-03 1.580856714e-10 22.567884006 10.604892488 10.606926785 1.412633314 1.879054534
1.089772320e-03 1.548054190e-10 22.588852149 10.611200471 10.613075879 1.412361760 1.878859207
1.112654472e-03 1.515932313e-10 22.609820292 10.617230052 10.618957585 1.412099970 1.878671133
1.136026220e-03 1.484476961e-10 22.630788435 10.623049012 10.624639253 1.411855193 1.878500146
1.159897866e-03 1.453674301e-10 22.651756578 10.628423299 10.629885055 1.411594623 1.878302671
1.184279933e-03 1.423510792e-10 22.672724721 10.633737085 10.635080231 1.411367652 1.878144724
1.209183166e-03 1.393973171e-10 22.693692864 10.638667642 10.639900030 1.411129839 1.877967213
1.234618537e-03 1.365048451e-10 22.714661007 10.643541813 10.644672043 1.410922999 1.877826044
1.260597254e-03 1.336723914e-10 22.735629150 10.648082051 10.649117062 1.410708845 1.877670323
1.287130759e-03 1.308987107e-10 22.756597293 10.652368450 10.653315002 1.410496567 1.877512454
1.314230736e-03 1.281825834e-10 22.777565436 10.656564660 10.657429597 1.410306435 1.877379607
1.341909121e-03 1.255228153e-10 22.798533579 10.660533876 10.661323083 1.410118992 1.877245986
1.370178101e-03 1.229182370e-10 22.819501722 10.664313839 10.665032914 1.409937944 1.877116671
1.399050122e-03 1.203677032e-10 22.840469865 10.667911712 10.668565882 1.409762991 1.876991399
1.428537893e-03 1.178700927e-10 22.861438008 10.671481158 10.672075714 1.409613219 1.876895752
1.458654394e-03 1.154243071e-10 22.882406151 10.674738971 10.675278008 1.409450053 1.876778426
1.489412878e-03 1.130292712e-10 22.903374293 10.677834901 10.678322634 1.409292151 1.876664424
1.520826882e-03 1.106839319e-10 22.924342436 10.680930655 10.681371412 1.409159766 1.876580875
1.552910228e-03 1.083872581e-10 22.945310579 10.683658324 10.684055186 1.409003312 1.876461784
1.585677030e-03 1.061382398e-10 22.966278722 10.686435079 10.686791911 1.408876805 1.876379290
1.619141704e-03 1.039358883e-10 22.987246865 10.689033680 10.689353528 1.408749301 1.876292247
1.653318971e-03 1.017792353e-10 23.008215008 10.691502724 10.691788520 1.408626274 1.876208065
1.688223862e-03 9.966733243e-11 23.029183151 10.693847500 10.694101950 1.408507508 1.876126564
1.723871730e-03 9.759925123e-11 23.050151294 10.696073007 10.696298640 1.408392797 1.876047572
1.760278249e-03 9.557408241e-11 23.071119437 10.698184126 10.698383278 1.408281940 1.875970923
1.797459428e-03 9.359093550e-11 23.092087580 10.700185571 10.700360411 1.408174746 1.875896461
1.835431615e-03 9.164893855e-11 23.113055723 10.702081891 10.702234428 1.408071029 1.875824033
1.874211506e-03 8.974723774e-11 23.134023866 10.703877399 10.704009504 1.407970615 1.875753500
1.913816147e-03 8.788499695e-11 23.154992009 10.705576393 10.705689790 1.407873335 1.875684725
1.954262949e-03 8.606139732e-11 23.175960152 10.707182933 10.707279218 1.407779030 1.875617583
1.995569692e-03 8.427563712e-11 23.196928295 10.708700931 10.708781583 1.407687545 1.875551953
2.037754530e-03 8.252693114e-11 23.217896438 10.710134279 10.710200660 1.407598743 1.875487732
2.080836004e-03 8.081451053e-11 23.238864581 10.711486651 10.711540026 1.407512488 1.875424818
2.124833052e-03 7.913762236e-11 23.259832724 10.712761551 10.712803082 1.407428647 1.875363110
2.169765009e-03 7.749552936e-11 23.280800867 10.714255544 10.714286687 1.407385607 1.875353865
2.215651621e-03 7.588750952e-11 23.301769010 10.715388653 10.715410018 1.407306624 1.875294828
2.262513055e-03 7.431285585e-11 23.322737153 10.716454111 10.716466620 1.407229704 1.875236744
2.310369904e-03 7.277087600e-11 23.343705296 10.717455058 10.717459545 1.407154747 1.875179544
2.359243202e-03 7.126089196e-11 23.364673439 10.718695307 10.718692880 1.407121162 1.875175840
2.409154425e-03 6.978223986e-11 23.385641582 10.719578164 10.719569205 1.407050144 1.875120620
2.460125507e-03 6.833426956e-11 23.406609725 10.720404961 10.720390124 1.406980814 1.875066106
2.512178847e-03 6.691634440e-11 23.427577868 10.721178336 10.721158230 1.406913095 1.875012252
2.565337323e-03 6.552784097e-11 23.448546011 10.722207257 10.722182712 1.406887125 1.875012632
2.619624295e-03 6.416814876e-11 23.469514154 10.722803964 10.722775138 1.406812271 1.874946457
2.675063620e-03 6.283666994e-11 23.490482297 10.723740949 10.723708640 1.406789517 1.874948422
2.731679663e-03 6.153281909e-11 23.511450440 10.724248129 10.724212441 1.406717481 1.874883405
2.789497298e-03 6.025602297e-11 23.532418582 10.725101350 10.725062970 1.406697592 1.874886691
2.848541943e-03 5.900572011e-11 23.553386726 10.725527644 10.725486630 1.406628147 1.874822723
2.908839536e-03 5.778136088e-11 23.574354868 10.726037403 10.725994167 1.406575773 1.874780382
2.970416586e-03 5.658240689e-11 23.595323011 10.726778693 10.726733724 1.406559597 1.874785215
3.033300147e-03 5.540833100e-11 23.616291154 10.727219205 10.727172584 1.406509524 1.874743804
3.097517858e-03 5.425861699e-11 23.637259298 10.727627879 10.727579850 1.406460558 1.874702860
3.163097938e-03 5.313275938e-11 23.658227440 10.728271995 10.728222942 1.406447478 1.874708795
3.230069208e-03 5.203026313e-11 23.679195583 10.728621247 10.728571205 1.406400515 1.874668620
3.298461103e-03 5.095064349e-11 23.700163726 10.729207814 10.729157116 1.406389198 1.874675078
3.368303675e-03 4.989342582e-11 23.721131869 10.729503441 10.729452101 1.406344057 1.874635577
3.439627623e-03 4.885814521e-11 23.742100012 10.729775246 10.729723413 1.406299893 1.874596552
3.512464292e-03 4.784434651e-11 23.763068155 10.730285096 10.730233041 1.406290827 1.874603530
3.586845691e-03 4.685158399e-11 23.784036298 10.730511410 10.730459116 1.406248301 1.874565129
3.662804514e-03 4.587942112e-11 23.805004441 10.730975875 10.730923574 1.406240504 1.874572301
3.740374141e-03 4.492743046e-11 23.825972584 10.731188842 10.731136519 1.406203086 1.874539273
3.819588664e-03 4.399519348e-11 23.846940727 10.731384034 10.731331776 1.406166513 1.874506693
3.900482908e-03 4.308230025e-11 23.867908870 10.731788075 10.731736052 1.406160324 1.874513976
3.983092415e-03 4.218834944e-11 23.888877013 10.731948610 10.731896792 1.406125090 1.874481906
4.067453504e-03 4.131294792e-11 23.909845156 10.732316935 10.732265470 1.406119797 1.874489158
4.153603237e-03 4.045571088e-11 23.930813299 10.732446486 10.732395333 1.406085790 1.874457547
4.241579494e-03 3.961626136e-11 23.951781442 10.732594695 10.732543917 1.406056680 1.874431911
4.331420938e-03 3.879423027e-11 23.972749585 10.732915558 10.732865246 1.406052507 1.874438992
4.423167065e-03 3.798925621e-11 23.993717728 10.733037102 10.732987231 1.406024437 1.874413701
4.516858196e-03 3.720098521e-11 24.014685871 10.733329877 10.733280525 1.406020887 1.874420610
4.612535522e-03 3.642907073e-11 24.035654014 10.733427771 10.733378897 1.405993809 1.874395677
4.710241096e-03 3.567317334e-11 24.056622157 10.733544685 10.733496308 1.405971112 1.874376131
4.810017861e-03 3.493296070e-11 24.077590300 10.733652213 10.733604339 1.405948976 1.874356897
4.911909674e-03 3.420810737e-11 24.098558442 10.733896455 10.733849104 1.405946447 1.874363385
5.015961329e-03 3.349829462e-11 24.119526585 10.733954448 10.733907558 1.405921140 1.874339097
5.122218568e-03 3.280321036e-11 24.140494728 10.734088065 10.734041630 1.405907273 1.874329672
5.230728080e-03 3.212254899e-11 24.161462872 10.734272314 10.734226283 1.405901477 1.874330628
5.341537558e-03 3.145601123e-11 24.182431015 10.734385465 10.734339752 1.405887729 1.874320614
5.454695697e-03 3.080330403e-11 24.203399158 10.734505801 10.734460291 1.405876197 1.874313196
5.570252219e-03 3.016414043e-11 24.224367300 10.734619106 10.734573656 1.405864936 1.874305788
5.688257893e-03 2.953823934e-11 24.245335443 10.734726049 10.734680446 1.405853937 1.874298382
5.808764555e-03 2.892532560e-11 24.266303586 10.734827312 10.734781296 1.405843203 1.874290981
5.931825115e-03 2.832512972e-11 24.287271729 10.734923672 10.734876882 1.405832722 1.874283567
6.057493586e-03 2.773738781e-11 24.308239872 10.735016005 10.734967960 1.405822487 1.874276123
6.185825104e-03 2.716184146e-11 24.329208015 10.735105280 10.735055368 1.405812491 1.874268627
6.316875941e-03 2.659823759e-11 24.350176158 10.735192308 10.735139731 1.405802681 1.874260987
6.450703512e-03 2.604632842e-11 24.371144301 10.735239723 10.735183461 1.405787976 1.874246399
6.587366389e-03 2.550587128e-11 24.392112444 10.735346435 10.735285195 1.405781098 1.874241787
6.726924324e-03 2.497662853e-11 24.413080587 10.735456703 10.735388844 1.405774480 1.874237012
6.869438252e-03 2.445836749e-11 24.434048730 10.735572978 10.735496449 1.405768126 1.874232016
7.014970268e-03 2.395086028e-11 24.455016873 10.735658079 10.735570296 1.405756764 1.874219689
7.163583688e-03 2.345388376e-11 24.475985016 10.735812943 10.735710745 1.405753159 1.874216955
7.315343013e-03 2.296721943e-11 24.496953159 10.735914959 10.735794444 1.405740715 1.874201565
7.470313901e-03 2.249065330e-11 24.517921302 10.736074534 10.735930934 1.405733222 1.874191764
7.628563191e-03 2.202397585e-11 24.538889445 10.736256658 10.736084198 1.405725324 1.874180240
7.790158889e-03 2.156698187e-11 24.559857588 10.736465684 10.736257404 1.405716684 1.874166345
7.955170033e-03 2.111947045e-11 24.580825731 10.736757699 10.736505262 1.405713514 1.874158129
8.123666931e-03 2.068124482e-11 24.601793874 10.737027668 10.736721154 1.405700873 1.874135402
8.295720911e-03 2.025211230e-11 24.622762017 10.737545623 10.737173321 1.405712687 1.874143087
8.471404307e-03 1.983188421e-11 24.643730160 10.737876226 10.737424326 1.405690296 1.874102621
8.650790470e-03 1.942037579e-11 24.664698303 10.738504174 10.737956590 1.405695269 1.874095697
8.833953702e-03 1.901740610e-11 24.685666446 10.739003662 10.738341681 1.405669724 1.874044692
9.020969186e-03 1.862279797e-11 24.706634589 10.739870482 10.739072547 1.405676135 1.874032409
9.211912988e-03 1.823637789e-11 24.727602731 10.740533513 10.739574831 1.405637058 1.873955038
9.406861979e-03 1.785797597e-11 24.748570875 10.741708906 10.740561235 1.405643235 1.873932969
9.605893627e-03 1.748742583e-11 24.769539017 10.742795700 10.741426937 1.405612640 1.873856176
9.809086107e-03 1.712456454e-11 24.790507161 10.744177452 10.742551422 1.405591783 1.873785964
1.020660000e-02 1.645593380e-11 24.830334986 10.747400000 10.744700000 1.405437776 1.873446262
1.071690000e-02 1.566988292e-11 24.879280531 10.753500000 10.749800000 1.405346001 1.873149944
1.125280000e-02 1.492043342e-11 24.928289472 10.761900000 10.756700000 1.405240999 1.872749341
1.181540000e-02 1.420580388e-11 24.977370511 10.773300000 10.766200000 1.405074756 1.872198346
1.240620000e-02 1.352407234e-11 25.026549882 10.788400000 10.778700000 1.404868892 1.871474340
1.302650000e-02 1.287355297e-11 25.075846066 10.808000000 10.795100000 1.404571046 1.870526140
1.367780000e-02 1.225257132e-11 25.125285297 10.833200000 10.816200000 1.404185284 1.869309022
1.436170000e-02 1.165959307e-11 25.174891835 10.864700000 10.842700000 1.403680990 1.867784890
1.507980000e-02 1.109315465e-11 25.224692896 10.903700000 10.875600000 1.403040458 1.865899563
1.583380000e-02 1.055191732e-11 25.274713536 10.951100000 10.915800000 1.402224615 1.863606208
1.662550000e-02 1.003466042e-11 25.324975974 11.007800000 10.964100000 1.401211893 1.860865606
1.745670000e-02 9.540269754e-12 25.375499355 11.074600000 11.021400000 1.399951418 1.857635136
1.832960000e-02 9.067629107e-12 25.426310285 11.152400000 11.088300000 1.398456568 1.853891654
1.924600000e-02 8.615923837e-12 25.477409016 11.241600000 11.165500000 1.396661501 1.849609070
2.020830000e-02 8.184196958e-12 25.528816021 11.342600000 11.253500000 1.394536005 1.844775264
2.121880000e-02 7.771741443e-12 25.580526853 11.455700000 11.352400000 1.392104980 1.839402518
2.227970000e-02 7.377897258e-12 25.632532442 11.580700000 11.462500000 1.389300786 1.833494263
2.339370000e-02 7.001992228e-12 25.684826403 11.717500000 11.583600000 1.386151910 1.827082485
2.456340000e-02 6.643477055e-12 25.737385637 11.865300000 11.715300000 1.382636782 1.820210158
2.579150000e-02 6.301779278e-12 25.790189097 12.023700000 11.857300000 1.378767347 1.812914833
2.708110000e-02 5.976326937e-12 25.843214961 12.191600000 12.008900000 1.374538797 1.805253777
2.843520000e-02 5.666628756e-12 25.896426751 12.367900000 12.169200000 1.369978848 1.797292087
2.985690000e-02 5.372176870e-12 25.949787913 12.551600000 12.337300000 1.365126378 1.789091819
3.134980000e-02 5.092425743e-12 26.003266829 12.741100000 12.512000000 1.359998863 1.780725973
3.291730000e-02 4.826853039e-12 26.056826405 12.935300000 12.692300000 1.354638254 1.772253715
3.456310000e-02 4.574938523e-12 26.110427855 13.132600000 12.876900000 1.349075393 1.763744060
3.629130000e-02 4.336089894e-12 26.164048120 13.331900000 13.064800000 1.343349325 1.755247715
3.810580000e-02 4.109799864e-12 26.217646784 13.531800000 13.254700000 1.337507734 1.746824888
4.001110000e-02 3.895491380e-12 26.271201288 13.731300000 13.445500000 1.331607752 1.738522648
4.201170000e-02 3.692584963e-12 26.324694371 13.929200000 13.636500000 1.325631718 1.730367566
4.411230000e-02 3.500554869e-12 26.378099626 14.124900000 13.826600000 1.319670327 1.722400748
4.631790000e-02 3.318832985e-12 26.431407905 14.317800000 14.015300000 1.313732757 1.714635741
4.863380000e-02 3.146866449e-12 26.484613936 14.507500000 14.202200000 1.307833172 1.707081007
5.106550000e-02 2.984134505e-12 26.537711359 14.694000000 14.386900000 1.302020046 1.699744313
5.361870000e-02 2.830100825e-12 26.590708778 14.877600000 14.569700000 1.296281533 1.692605711
5.629970000e-02 2.684261159e-12 26.643615599 15.058700000 14.750700000 1.290638381 1.685654101
5.911470000e-02 2.546135140e-12 26.696444538 15.238200000 14.930500000 1.285094709 1.678860281
6.207040000e-02 2.415256820e-12 26.749215491 15.417400000 15.109900000 1.279664990 1.672189434
6.517390000e-02 2.291163134e-12 26.801961509 15.597800000 15.290300000 1.274312492 1.665587053
6.843260000e-02 2.173428233e-12 26.854715364 15.781500000 15.473200000 1.269040150 1.658998368
7.185420000e-02 2.061647246e-12 26.907515819 15.970900000 15.660500000 1.263831456 1.652357935
7.544700000e-02 1.955413369e-12 26.960419503 16.169100000 15.854900000 1.258640704 1.645576851
7.921930000e-02 1.854357154e-12 27.013483027 16.379800000 16.059500000 1.253429284 1.638558678
8.318030000e-02 1.758112540e-12 27.066780303 16.607800000 16.278100000 1.248171969 1.631190816
8.733930000e-02 1.666331646e-12 27.120396525 16.858600000 16.515500000 1.242795884 1.623337282
9.170620000e-02 1.578666862e-12 27.174440383 17.139500000 16.777900000 1.237224794 1.614829983
9.629160000e-02 1.494789711e-12 27.229035580 17.459400000 17.072600000 1.231393990 1.605484498
1.011060000e-01 1.414374310e-12 27.284333867 17.829400000 17.409300000 1.225167830 1.595066897
1.061610000e-01 1.337098464e-12 27.340519175 18.263800000 17.800000000 1.218423897 1.583310181
1.114700000e-01 1.262634326e-12 27.397820842 18.780800000 18.259900000 1.211016787 1.569904400
1.170430000e-01 1.190715402e-12 27.456466811 19.402700000 18.808100000 1.202733858 1.554501087
1.228950000e-01 1.115417452e-12 27.521792385 20.544600000 19.764700000 1.192004759 1.529006258
1.290400000e-01 1.045498276e-12 27.586527525 21.667400000 20.733000000 1.179481696 1.504822545
1.354920000e-01 9.764748457e-13 27.654827405 23.130000000 21.982700000 1.164576951 1.475748421
1.422660000e-01 9.098537101e-13 27.725492566 24.869800000 23.474000000 1.147246551 1.443810863
1.493800000e-01 8.454112047e-13 27.798953253 26.970400000 25.276900000 1.127256917 1.408633681
1.568490000e-01 7.846686382e-13 27.873514883 29.316300000 27.308700000 1.105286987 1.372794918
1.646910000e-01 7.282464870e-13 27.948136823 31.825800000 29.509400000 1.082096748 1.337783634
1.729260000e-01 6.744688539e-13 28.024850897 34.772500000 32.087700000 1.057349099 1.300947614
1.815720000e-01 6.279827174e-13 28.096263749 37.228800000 34.341200000 1.034091616 1.271844988
1.906510000e-01 5.866509223e-13 28.164346433 39.376600000 36.387200000 1.012528599 1.247545687
2.001830000e-01 5.500476674e-13 28.228771452 41.120100000 38.134900000 0.993248569 1.228188805
2.101920000e-01 5.172142574e-13 28.290319182 42.528700000 39.622800000 0.976163339 1.212618764
2.207020000e-01 4.863613772e-13 28.351824473 44.020200000 41.163200000 0.960300395 1.197299943
2.317370000e-01 4.575861524e-13 28.412811217 45.511400000 42.697300000 0.945555256 1.182785161
2.433240000e-01 4.309459716e-13 28.472793669 46.911300000 44.155200000 0.931970706 1.169621617
2.554900000e-01 4.059067518e-13 28.532652937 48.365600000 45.646200000 0.919244436 1.156745438
2.682650000e-01 3.823993115e-13 28.592311014 49.849200000 47.158700000 0.907144271 1.144244228
2.816780000e-01 3.610019876e-13 28.649892931 51.013900000 48.419200000 0.896256494 1.134227402
2.957620000e-01 3.410443195e-13 28.706763957 52.101500000 49.607300000 0.886250939 1.125099180
3.105500000e-01 3.223318084e-13 28.763194919 53.157700000 50.757600000 0.876998152 1.116534925
3.260770000e-01 3.047745185e-13 28.819204175 54.179200000 51.869100000 0.868403516 1.108501881
3.423810000e-01 2.883625183e-13 28.874557962 55.113300000 52.900500000 0.860486343 1.101250401
3.595000000e-01 2.729414253e-13 28.929519182 56.008300000 53.889000000 0.853138406 1.094475297
3.774750000e-01 2.583948462e-13 28.984287568 56.903300000 54.864200000 0.846290217 1.087951799
3.963490000e-01 2.447444439e-13 29.038561815 57.727100000 55.774200000 0.839916042 1.082002394
4.161670000e-01 2.318535729e-13 29.092670374 58.549000000 56.671000000 0.833947892 1.076264576
4.369750000e-01 2.196808312e-13 29.146600669 59.363500000 57.551800000 0.828339208 1.070745771
4.588240000e-01 2.081645797e-13 29.200447380 60.188000000 58.431400000 0.823029606 1.065345742
4.817650000e-01 1.973230400e-13 29.253934212 60.956400000 59.260600000 0.818022381 1.060353458
5.058530000e-01 1.871095530e-13 29.307082105 61.671600000 60.040500000 0.813317438 1.055742257
5.311460000e-01 1.774482076e-13 29.360097617 62.380000000 60.806300000 0.808874607 1.051291482
5.577030000e-01 1.683413142e-13 29.412782844 63.032100000 61.521100000 0.804693059 1.047204037
5.855880000e-01 1.597369228e-13 29.465248166 63.652800000 62.203200000 0.800757739 1.043362194
6.148680000e-01 1.515963773e-13 29.517554818 64.254800000 62.862700000 0.797043707 1.039700681
6.456110000e-01 1.438896416e-13 29.569729767 64.843900000 63.504400000 0.793532356 1.036186825
6.778910000e-01 1.365797246e-13 29.621867888 65.441700000 64.145600000 0.790192091 1.032722679
7.117860000e-01 1.296503020e-13 29.673935554 66.037400000 64.779300000 0.787001512 1.029344120
7.473750000e-01 1.230734265e-13 29.725995254 66.645700000 65.417900000 0.783929975 1.025983726
7.847440000e-01 1.168548637e-13 29.777843711 67.213500000 66.020800000 0.780997067 1.022851087
8.239810000e-01 1.109605389e-13 29.829601762 67.770900000 66.611300000 0.778179840 1.019819633
8.651800000e-01 1.053857744e-13 29.881148736 68.286000000 67.164500000 0.775495403 1.017011998
9.084390000e-01 1.000946795e-13 29.932659862 68.804100000 67.715000000 0.772920945 1.014248508
9.538610000e-01 9.508112077e-14 29.984045965 69.300500000 68.244400000 0.770455589 1.011619049
1.001550000e+00 9.032918289e-14 30.035315810 69.778100000 68.754800000 0.768096367 1.009109584
1.051630000e+00 8.579157437e-14 30.086855594 70.337700000 69.323800000 0.765794572 1.006341119
1.104210000e+00 8.148645250e-14 30.138339615 70.891000000 69.886600000 0.763542393 1.003632464
1.159420000e+00 7.740171494e-14 30.189767458 71.436200000 70.441900000 0.761338042 1.000988261
1.217400000e+00 7.352575655e-14 30.241140621 71.971500000 70.988300000 0.759181217 0.998413427
1.278270000e+00 6.984917101e-14 30.292438177 72.495200000 71.524300000 0.757074060 0.995913149
1.342180000e+00 6.636149807e-14 30.343659355 73.005700000 72.048400000 0.755019642 0.993492420
1.409290000e+00 6.305272479e-14 30.394805117 73.501200000 72.559200000 0.753017467 0.991155609
1.479750000e+00 5.991410417e-14 30.445864455 73.980500000 73.055500000 0.751070390 0.988906047
1.553740000e+00 5.693643106e-14 30.496840994 74.442300000 73.535900000 0.749182864 0.986747878
1.631430000e+00 5.411157269e-14 30.547728319 74.885400000 73.999600000 0.747352100 0.984682488
1.713000000e+00 5.143177877e-14 30.598520150 75.309100000 74.445500000 0.745584363 0.982712593
1.798650000e+00 4.888924356e-14 30.649218991 75.712800000 74.873000000 0.743880081 0.980838701
1.888580000e+00 4.647687476e-14 30.699821523 76.096000000 75.281500000 0.742240667 0.979061374
1.983010000e+00 4.418763031e-14 30.750331502 76.458600000 75.670800000 0.740666171 0.977379510
2.082160000e+00 4.201511825e-14 30.800746883 76.800700000 76.040700000 0.739158608 0.975792112
2.186270000e+00 3.995305216e-14 30.851071326 77.122600000 76.391300000 0.737718028 0.974297014
2.295580000e+00 3.799575194e-14 30.901302032 77.424300000 76.722500000 0.736344242 0.972893025
2.410360000e+00 3.613741785e-14 30.951447561 77.706800000 77.035000000 0.735036396 0.971575697
2.530880000e+00 3.437290412e-14 31.001507812 77.970600000 77.328900000 0.733796611 0.970343261
2.657420000e+00 3.269729389e-14 31.051484076 78.216300000 77.604900000 0.732620407 0.969191561
2.790290000e+00 3.110576516e-14 31.101383218 78.444900000 77.863600000 0.731508443 0.968116998
2.929810000e+00 2.959385512e-14 31.151209652 78.657100000 78.105600000 0.730458648 0.967116102
3.076300000e+00 2.815748460e-14 31.200963193 78.853800000 78.331700000 0.729468416 0.966184697
3.230110000e+00 2.679265819e-14 31.250648493 79.036000000 78.542700000 0.728536171 0.965318723
3.391620000e+00 2.549553939e-14 31.300272884 79.204600000 78.739200000 0.727661967 0.964515044
3.561200000e+00 2.426269091e-14 31.349836578 79.360400000 78.922200000 0.726840089 0.963768980
3.739260000e+00 2.309073779e-14 31.399344819 79.504400000 79.092400000 0.726070448 0.963077168
3.926220000e+00 2.197655296e-14 31.448800284 79.637400000 79.250600000 0.725349968 0.962435910
4.122530000e+00 2.091713940e-14 31.498207505 79.760200000 79.397500000 0.724676868 0.961841982
4.328660000e+00 1.990968270e-14 31.547570214 79.873500000 79.533800000 0.724048525 0.961292220
4.545090000e+00 1.895156487e-14 31.596889888 79.978100000 79.660400000 0.723460861 0.960782707
4.772350000e+00 1.804023065e-14 31.646172095 80.074800000 79.777800000 0.722914701 0.960311183
5.010970000e+00 1.717334575e-14 31.695417879 80.164200000 79.886800000 0.722405479 0.959874225
5.261510000e+00 1.634869325e-14 31.744628424 80.246800000 79.988000000 0.721930196 0.959469247
5.524590000e+00 1.556408338e-14 31.793810482 80.323300000 80.081900000 0.721488899 0.959094092
5.800820000e+00 1.481754670e-14 31.842964329 80.394300000 80.169300000 0.721077157 0.958745432
6.090860000e+00 1.410718445e-14 31.892092192 80.460300000 80.250600000 0.720694485 0.958421562
6.395400000e+00 1.343119262e-14 31.941196585 80.521900000 80.326400000 0.720338915 0.958119996
6.715170000e+00 1.278784543e-14 31.990281251 80.579800000 80.397400000 0.720008209 0.957837870
7.050930000e+00 1.217552161e-14 32.039348884 80.634500000 80.464300000 0.719698365 0.957572340
7.403480000e+00 1.159269025e-14 32.088401646 80.686900000 80.527600000 0.719411359 0.957321369
7.773650000e+00 1.103789495e-14 32.137442047 80.737600000 80.588200000 0.719141740 0.957081349
8.162340000e+00 1.050972012e-14 32.186475840 80.787600000 80.646900000 0.718888833 0.956849084
8.570450000e+00 1.000687535e-14 32.235504003 80.837900000 80.704700000 0.718649600 0.956620601
8.998970000e+00 9.528082087e-15 32.284532948 80.889700000 80.762600000 0.718422796 0.956391941
9.448920000e+00 9.072150069e-15 32.333567106 80.944200000 80.821700000 0.718206000 0.956158767
9.921370000e+00 8.637938345e-15 32.382612458 81.003000000 80.883500000 0.717995613 0.955915183
1.041740000e+01 8.227499674e-15 32.431294233 80.976600000 80.858100000 0.718062252 0.956015267
1.093830000e+01 7.836800765e-15 32.479945710 80.943200000 80.823800000 0.718172246 0.956150486
1.148520000e+01 7.464362267e-15 32.528636397 80.922400000 80.800000000 0.718269693 0.956244356
1.205950000e+01 7.109238959e-15 32.577381195 80.915800000 80.788200000 0.718350985 0.956290910
1.266250000e+01 6.770642912e-15 32.626180348 80.924800000 80.789900000 0.718410728 0.956284203
1.329560000e+01 6.447799227e-15 32.675037527 80.951200000 80.806600000 0.718447075 0.956218321
1.396040000e+01 6.139914142e-15 32.723965636 80.996400000 80.839700000 0.718455809 0.956087795
1.465840000e+01 5.846313668e-15 32.772965074 81.061800000 80.890800000 0.718430350 0.955886427
1.539130000e+01 5.566308387e-15 32.822044328 81.148800000 80.961300000 0.718366503 0.955608889
1.616090000e+01 5.299243366e-15 32.871212346 81.258900000 81.052600000 0.718260979 0.955249945
1.696890000e+01 5.044558252e-15 32.920466306 81.393300000 81.166100000 0.718107871 0.954804474
1.781740000e+01 4.801618456e-15 32.969823355 81.553500000 81.303500000 0.717900436 0.954266309
1.870820000e+01 4.569942600e-15 33.019275750 81.741000000 81.466100000 0.717636711 0.953631006
1.964360000e+01 4.348957269e-15 33.068840287 81.957200000 81.655700000 0.717308052 0.952892341
2.062580000e+01 4.138175637e-15 33.118521372 82.203700000 81.874000000 0.716908874 0.952044691
2.165710000e+01 3.937135391e-15 33.168322994 82.482100000 82.122700000 0.716433721 0.951082663
2.274000000e+01 3.745379846e-15 33.218253356 82.794100000 82.403600000 0.715877002 0.950000739
2.387700000e+01 3.562496244e-15 33.268314904 83.141300000 82.718500000 0.715232453 0.948793691
2.507080000e+01 3.388078959e-15 33.318513313 83.525300000 83.069200000 0.714494037 0.947456608
2.632430000e+01 3.221738521e-15 33.368855268 83.947300000 83.457200000 0.713655999 0.945986056
2.764060000e+01 3.063046723e-15 33.419366313 84.414800000 83.888400000 0.712716231 0.944362431
2.902260000e+01 2.911802872e-15 33.470003962 84.915900000 84.354900000 0.711665423 0.942618372
3.047370000e+01 2.767622254e-15 33.520787836 85.456900000 84.861200000 0.710507791 0.940740011
3.199740000e+01 2.630195469e-15 33.571718229 86.037600000 85.407700000 0.709239400 0.938729205
3.359730000e+01 2.499184787e-15 33.622811801 86.664900000 85.999700000 0.707860905 0.936570253
3.527710000e+01 2.374444932e-15 33.674012697 87.321600000 86.624400000 0.706374968 0.934313431
3.704100000e+01 2.255591982e-15 33.725363937 88.021800000 87.292200000 0.704785448 0.931924778
3.889310000e+01 2.142447367e-15 33.776827590 88.754700000 87.994800000 0.703098143 0.929437809
4.083770000e+01 2.034785283e-15 33.828386093 89.516600000 88.729000000 0.701320819 0.926867120
4.287960000e+01 1.932370520e-15 33.880028897 90.303800000 89.491500000 0.699462192 0.924227193
4.502360000e+01 1.834944669e-15 33.931762067 91.120600000 90.285000000 0.697530233 0.921511595
4.727470000e+01 1.742351878e-15 33.983540540 91.953500000 91.098500000 0.695537523 0.918760389
4.963850000e+01 1.654380413e-15 34.035349829 92.797100000 91.927000000 0.693496419 0.915991920
5.212040000e+01 1.571816674e-15 34.086544327 93.482000000 92.592600000 0.691926916 0.913791776
5.472640000e+01 1.493554290e-15 34.137617686 94.135600000 93.229100000 0.690429238 0.911707459
5.746270000e+01 1.419209690e-15 34.188676235 94.786600000 93.865800000 0.688923553 0.909641383
6.033590000e+01 1.348610187e-15 34.239701824 95.428300000 94.497100000 0.687416282 0.907611197
6.335270000e+01 1.281564153e-15 34.290695068 96.062400000 95.123700000 0.685913033 0.905613929
6.652030000e+01 1.217914604e-15 34.341636340 96.682200000 95.739700000 0.684422654 0.903667474
6.984630000e+01 1.157474289e-15 34.392536101 97.291400000 96.347600000 0.682947291 0.901762916
7.333860000e+01 1.100129300e-15 34.443348677 97.871700000 96.934000000 0.681484875 0.899940839
7.700560000e+01 1.045696293e-15 34.494093423 98.429500000 97.503800000 0.680033788 0.898184366
8.085590000e+01 9.940063750e-16 34.544788054 98.974100000 98.062400000 0.678607735 0.896475653
8.489870000e+01 9.449253826e-16 34.595425710 99.502900000 98.607400000 0.677210469 0.894821003
8.914360000e+01 8.983196936e-16 34.646005663 100.016000000 99.138400000 0.675845681 0.893220544
9.360080000e+01 8.540626191e-16 34.696527158 100.513000000 99.654600000 0.674517213 0.891675612
9.828080000e+01 8.120282913e-16 34.746996493 100.995000000 100.158000000 0.673213708 0.890179230
1.031950000e+02 7.722222368e-16 34.797259294 101.417000000 100.601000000 0.672060387 0.888870663
1.083550000e+02 7.344346859e-16 34.847430605 101.812000000 101.018000000 0.670967085 0.887645897
1.137720000e+02 6.984926246e-16 34.897607054 102.214000000 101.441000000 0.669873746 0.886410376
1.194610000e+02 6.643241489e-16 34.947761467 102.608000000 101.856000000 0.668805242 0.885204880
1.254340000e+02 6.318494471e-16 34.997880525 102.995000000 102.263000000 0.667767643 0.884028966
1.317060000e+02 6.010125833e-16 35.047915802 103.360000000 102.645000000 0.666810920 0.882930946
1.382910000e+02 5.721842861e-16 35.097070556 103.380000000 102.758000000 0.665962240 0.882607183
1.452060000e+02 5.446637725e-16 35.146363001 103.469000000 102.912000000 0.665206007 0.882166711
1.524660000e+02 5.184749656e-16 35.195639930 103.570000000 103.063000000 0.664554911 0.881735673
1.600890000e+02 4.933116048e-16 35.245390641 103.869000000 103.361000000 0.663912658 0.880887480
1.680940000e+02 4.697145407e-16 35.294406524 103.869000000 103.430000000 0.663322180 0.880691551
1.764980000e+02 4.472178368e-16 35.343485867 103.910000000 103.521000000 0.662806362 0.880433419
1.853230000e+02 4.258899809e-16 35.392350622 103.871000000 103.544000000 0.662361372 0.880368225
1.945890000e+02 4.055876228e-16 35.441194738 103.835000000 103.561000000 0.661986890 0.880320050
2.043190000e+02 3.862542390e-16 35.490035871 103.806000000 103.576000000 0.661674216 0.880277551
2.145350000e+02 3.678468889e-16 35.538864885 103.782000000 103.588000000 0.661419062 0.880243559
2.252610000e+02 3.503180100e-16 35.587690332 103.763000000 103.600000000 0.661195843 0.880209571
2.365240000e+02 3.336244631e-16 35.636515675 103.749000000 103.611000000 0.661013051 0.880178420
2.483510000e+02 3.177253169e-16 35.685344448 103.739000000 103.622000000 0.660855789 0.880147274
2.607680000e+02 3.025864448e-16 35.734164669 103.731000000 103.632000000 0.660719808 0.880118963
2.738070000e+02 2.881676663e-16 35.782989188 103.727000000 103.642000000 0.660609334 0.880090656
2.874970000e+02 2.744377870e-16 35.831807080 103.724000000 103.651000000 0.660513750 0.880065182
3.018720000e+02 2.613616266e-16 35.880626683 103.723000000 103.660000000 0.660430921 0.880039712
3.169650000e+02 2.489091027e-16 35.929443894 103.724000000 103.669000000 0.660360842 0.880014244
3.328140000e+02 2.370488945e-16 35.978265248 103.725000000 103.678000000 0.660290777 0.879988780
3.494540000e+02 2.257554977e-16 36.027079129 103.728000000 103.686000000 0.660241946 0.879966147
3.669270000e+02 2.149988396e-16 36.075899043 103.732000000 103.695000000 0.660190999 0.879940688
3.852730000e+02 2.047557202e-16 36.124714014 103.735000000 103.703000000 0.660142185 0.879918060
4.045370000e+02 1.950002649e-16 36.173530757 103.740000000 103.711000000 0.660106105 0.879895435
4.247640000e+02 1.857096975e-16 36.222346986 103.745000000 103.719000000 0.660070032 0.879872812
4.460020000e+02 1.768624791e-16 36.271159197 103.750000000 103.726000000 0.660042448 0.879853018
4.683020000e+02 1.684367033e-16 36.319971643 103.755000000 103.733000000 0.660014868 0.879833227
4.917170000e+02 1.604118170e-16 36.368787309 103.761000000 103.741000000 0.659985170 0.879810610
5.163030000e+02 1.527696786e-16 36.417600255 103.767000000 103.748000000 0.659963958 0.879790822
5.421180000e+02 1.454917002e-16 36.466412632 103.773000000 103.755000000 0.659942748 0.879771036
5.692240000e+02 1.385603836e-16 36.515225460 103.778000000 103.762000000 0.659915182 0.879751252
5.976860000e+02 1.319591262e-16 36.564039450 103.784000000 103.769000000 0.659893977 0.879731470
6.275700000e+02 1.256729962e-16 36.612848409 103.791000000 103.775000000 0.659887612 0.879714515
6.589480000e+02 1.196859676e-16 36.661660298 103.796000000 103.782000000 0.659860054 0.879694736
6.918960000e+02 1.139839743e-16 36.710473811 103.802000000 103.789000000 0.659838856 0.879674959
7.264910000e+02 1.085540444e-16 36.759283520 103.808000000 103.795000000 0.659826137 0.879658008
7.628150000e+02 1.033828867e-16 36.808092232 103.814000000 103.801000000 0.659813418 0.879641059
8.009560000e+02 9.845764816e-17 36.856905186 103.820000000 103.808000000 0.659792227 0.879621286
8.410040000e+02 9.376735991e-17 36.905714854 103.826000000 103.814000000 0.659779511 0.879604340
8.830540000e+02 8.930054740e-17 36.954524056 103.832000000 103.820000000 0.659766796 0.879587395
9.272060000e+02 8.504656627e-17 37.003332729 103.837000000 103.826000000 0.659747729 0.879570451
9.735670000e+02 8.099511137e-17 37.052142875 103.843000000 103.832000000 0.659735016 0.879553508
1.022250000e+03 7.713636465e-17 37.100956849 103.849000000 103.838000000 0.659722305 0.879536567
1.073360000e+03 7.346196063e-17 37.149763944 103.855000000 103.844000000 0.659709595 0.879519627
1.127030000e+03 6.996252501e-17 37.198571932 103.860000000 103.849000000 0.659699004 0.879505512
1.183380000e+03 6.662977748e-17 37.247380087 103.866000000 103.855000000 0.659686295 0.879488574
1.242550000e+03 6.345565788e-17 37.296190313 103.871000000 103.861000000 0.659667237 0.879471638
1.304670000e+03 6.043333753e-17 37.344990775 103.877000000 103.866000000 0.659662999 0.879457525
1.369910000e+03 5.755417825e-17 37.393804939 103.882000000 103.872000000 0.659643943 0.879440592
1.438400000e+03 5.481265731e-17 37.442610534 103.888000000 103.878000000 0.659631239 0.879423659
1.510320000e+03 5.220169324e-17 37.491416742 103.893000000 103.883000000 0.659620653 0.879409550
1.585840000e+03 4.971497532e-17 37.540225472 103.898000000 103.888000000 0.659610067 0.879395441
1.665130000e+03 4.734674094e-17 37.589033686 103.903000000 103.894000000 0.659591017 0.879378512
1.748390000e+03 4.509132062e-17 37.637841893 103.909000000 103.899000000 0.659586782 0.879364406
1.835810000e+03 4.294341432e-17 37.686648371 103.914000000 103.904000000 0.659576198 0.879350300
1.927600000e+03 4.089771323e-17 37.735457524 103.919000000 103.910000000 0.659557152 0.879333374
2.023980000e+03 3.894957836e-17 37.784263727 103.924000000 103.915000000 0.659546571 0.879319271
2.125170000e+03 3.709439869e-17 37.833065694 103.929000000 103.920000000 0.659535990 0.879305168
2.231430000e+03 3.532740843e-17 37.881872568 103.934000000 103.925000000 0.659525410 0.879291066
2.343000000e+03 3.364463287e-17 37.930678129 103.939000000 103.930000000 0.659514831 0.879276965
2.460150000e+03 3.204199366e-17 37.979484329 103.944000000 103.935000000 0.659504252 0.879262865
2.583160000e+03 3.051566558e-17 38.028291497 103.949000000 103.940000000 0.659493674 0.879248766
2.712320000e+03 2.906205122e-17 38.077098433 103.954000000 103.945000000 0.659483097 0.879234668
2.847940000e+03 2.767766136e-17 38.125906035 103.959000000 103.950000000 0.659472520 0.879220571
2.990330000e+03 2.635931657e-17 38.174709891 103.964000000 103.955000000 0.659461944 0.879206474
3.139850000e+03 2.510368056e-17 38.223517202 103.968000000 103.960000000 0.659445026 0.879192379
3.296840000e+03 2.390797871e-17 38.272319434 103.973000000 103.964000000 0.659442909 0.879181103
3.461680000e+03 2.276915168e-17 38.321125051 103.978000000 103.969000000 0.659432335 0.879167009
3.634770000e+03 2.168452296e-17 38.369932896 103.982000000 103.974000000 0.659415420 0.879152916
3.816510000e+03 2.065158747e-17 38.418739482 103.987000000 103.979000000 0.659404848 0.879138824
4.007330000e+03 1.966795334e-17 38.467541097 103.992000000 103.983000000 0.659402731 0.879127551
4.207700000e+03 1.873106833e-17 38.516348121 103.996000000 103.988000000 0.659385819 0.879113461
4.418080000e+03 1.783884698e-17 38.565153180 104.001000000 103.993000000 0.659375249 0.879099371
4.638990000e+03 1.698913828e-17 38.613957459 104.005000000 103.997000000 0.659366793 0.879088100
4.870940000e+03 1.617987074e-17 38.662763751 104.010000000 104.002000000 0.659356224 0.879074012
5.114490000e+03 1.540914473e-17 38.711570527 104.015000000 104.007000000 0.659345656 0.879059925
5.370210000e+03 1.467520010e-17 38.760372673 104.019000000 104.011000000 0.659337201 0.879048656
5.638720000e+03 1.397620313e-17 38.809175567 104.023000000 104.015000000 0.659328747 0.879037388
5.920660000e+03 1.331044738e-17 38.857982430 104.028000000 104.020000000 0.659318181 0.879023303
6.216690000e+03 1.267646018e-17 38.906784929 104.032000000 104.024000000 0.659309728 0.879012036
6.527520000e+03 1.207263412e-17 38.955590425 104.036000000 104.029000000 0.659292825 0.878997953
6.853900000e+03 1.149759271e-17 39.004393990 104.041000000 104.033000000 0.659290710 0.878986687
7.196590000e+03 1.094992048e-17 39.053199480 104.045000000 104.038000000 0.659273810 0.878972606
7.556420000e+03 1.042836136e-17 39.102002525 104.050000000 104.042000000 0.659271695 0.878961342
7.934250000e+03 9.931634183e-18 39.150806639 104.054000000 104.046000000 0.659263244 0.878950078
8.330960000e+03 9.458550551e-18 39.199612521 104.058000000 104.051000000 0.659246347 0.878935999
8.747510000e+03 9.007997036e-18 39.248418931 104.063000000 104.056000000 0.659235785 0.878921920
9.184880000e+03 8.578940008e-18 39.297221310 104.068000000 104.060000000 0.659233671 0.878910659
9.644120000e+03 8.170291587e-18 39.346027076 104.072000000 104.065000000 0.659216776 0.878896582
1.012630000e+04 7.781150367e-18 39.394827485 104.076000000 104.069000000 0.659208328 0.878885321
1.063260000e+04 7.410534909e-18 39.443629050 104.081000000 104.073000000 0.659206215 0.878874061
1.116430000e+04 7.057495024e-18 39.492441498 104.085000000 104.078000000 0.659189323 0.878859987
1.172250000e+04 6.721346327e-18 39.541243193 104.090000000 104.082000000 0.659187209 0.878848729
1.230860000e+04 6.401192717e-18 39.590047339 104.094000000 104.087000000 0.659170319 0.878834656
1.292400000e+04 6.096310076e-18 39.638847991 104.099000000 104.091000000 0.659168206 0.878823399
1.357030000e+04 5.805873852e-18 39.687661536 104.103000000 104.096000000 0.659151318 0.878809328
1.424880000e+04 5.529338667e-18 39.736463456 104.107000000 104.100000000 0.659142873 0.878798072
1.496120000e+04 5.265983458e-18 39.785263754 104.111000000 104.104000000 0.659134430 0.878786816
1.570930000e+04 5.015145339e-18 39.834069272 104.115000000 104.108000000 0.659125986 0.878775561
1.649470000e+04 4.776271254e-18 39.882871504 104.120000000 104.113000000 0.659115432 0.878761493
1.731950000e+04 4.548754440e-18 39.931678228 104.124000000 104.117000000 0.659106990 0.878750240
1.818540000e+04 4.332109476e-18 39.980477074 104.128000000 104.121000000 0.659098548 0.878738986
1.909470000e+04 4.125759234e-18 40.029281614 104.132000000 104.125000000 0.659090106 0.878727734
2.004940000e+04 3.929238476e-18 40.078086039 104.137000000 104.130000000 0.659079555 0.878713669
2.105190000e+04 3.742078634e-18 40.126890432 104.140000000 104.134000000 0.659064785 0.878702418
2.210450000e+04 3.563837977e-18 40.175693626 104.144000000 104.138000000 0.659056345 0.878691167
2.320970000e+04 3.394091607e-18 40.224495517 104.149000000 104.142000000 0.659054234 0.878679917
2.437020000e+04 3.232424823e-18 40.273299099 104.152000000 104.146000000 0.659039467 0.878668668
2.558870000e+04 3.078461623e-18 40.322101675 104.157000000 104.150000000 0.659037356 0.878657419
2.686820000e+04 2.931823586e-18 40.370907060 104.161000000 104.154000000 0.659028917 0.878646171
2.821160000e+04 2.792178185e-18 40.419709671 104.165000000 104.158000000 0.659020479 0.878634923
2.962220000e+04 2.659181484e-18 40.468513311 104.168000000 104.162000000 0.659005715 0.878623676
3.110330000e+04 2.532522191e-18 40.517315954 104.172000000 104.166000000 0.658997278 0.878612429
3.265840000e+04 2.411899825e-18 40.566116928 104.176000000 104.170000000 0.658988842 0.878601183
3.429130000e+04 2.297019391e-18 40.614919308 104.180000000 104.174000000 0.658980406 0.878589938
3.600590000e+04 2.187614390e-18 40.663720044 104.184000000 104.177000000 0.658980404 0.878581504
3.780620000e+04 2.083408670e-18 40.712526338 104.188000000 104.182000000 0.658963535 0.878567448
3.969650000e+04 1.984180188e-18 40.761325849 104.192000000 104.185000000 0.658963533 0.878559015
4.168140000e+04 1.889667833e-18 40.810130610 104.196000000 104.189000000 0.658955098 0.878547772
4.376540000e+04 1.799663499e-18 40.858931972 104.199000000 104.193000000 0.658940340 0.878536529
4.595370000e+04 1.713942185e-18 40.907735585 104.203000000 104.197000000 0.658931907 0.878525287
4.825140000e+04 1.632309718e-18 40.956535657 104.207000000 104.200000000 0.658931905 0.878516856
5.066390000e+04 1.554562940e-18 41.005337235 104.211000000 104.204000000 0.658923472 0.878505615
5.319710000e+04 1.480517051e-18 41.054140289 104.214000000 104.208000000 0.658908717 0.878494374
5.585700000e+04 1.409997062e-18 41.102944053 104.218000000 104.212000000 0.658900285 0.878483134
5.864980000e+04 1.342838309e-18 41.151746159 104.222000000 104.216000000 0.658891853 0.878471895
6.158230000e+04 1.278881149e-18 41.200546081 104.225000000 104.219000000 0.658885530 0.878463466
6.466150000e+04 1.217968759e-18 41.249347155 104.229000000 104.222000000 0.658885528 0.878455037
6.789450000e+04 1.159952979e-18 41.298152205 104.233000000 104.227000000 0.658868669 0.878440990
7.128930000e+04 1.104705361e-18 41.346953016 104.237000000 104.230000000 0.658868667 0.878432562
7.485370000e+04 1.052087799e-18 41.395755104 104.240000000 104.234000000 0.658853917 0.878421325
7.859640000e+04 1.001975372e-18 41.444558250 104.244000000 104.238000000 0.658845488 0.878410089
8.252620000e+04 9.542533362e-19 41.493357765 104.247000000 104.241000000 0.658839166 0.878401662
8.665250000e+04 9.088011818e-19 41.542160605 104.251000000 104.245000000 0.658830738 0.878390427
9.098520000e+04 8.655159189e-19 41.590961186 104.254000000 104.248000000 0.658824417 0.878382001
9.553440000e+04 8.242908503e-19 41.639763512 104.258000000 104.252000000 0.658815989 0.878370766
1.003110000e+05 7.850323141e-19 41.688562071 104.261000000 104.255000000 0.658809669 0.878362341
1.053270000e+05 7.476370672e-19 41.737369297 104.265000000 104.259000000 0.658801242 0.878351108
1.105930000e+05 7.120307261e-19 41.786165888 104.268000000 104.262000000 0.658794922 0.878342683
1.161230000e+05 6.781137854e-19 41.834971854 104.272000000 104.266000000 0.658786496 0.878331451
1.219290000e+05 6.458151888e-19 41.883773576 104.276000000 104.270000000 0.658778070 0.878320219
1.280250000e+05 6.150583478e-19 41.932569815 104.279000000 104.273000000 0.658771751 0.878311796
1.344270000e+05 5.857609694e-19 41.981375149 104.282000000 104.276000000 0.658765433 0.878303373
1.411480000e+05 5.578618402e-19 42.030175619 104.286000000 104.280000000 0.658757008 0.878292143
1.482050000e+05 5.312933298e-19 42.078972674 104.289000000 104.283000000 0.658750690 0.878283720
1.556160000e+05 5.059847394e-19 42.127780443 104.293000000 104.287000000 0.658742266 0.878272491
1.633960000e+05 4.818879667e-19 42.176575300 104.296000000 104.290000000 0.658735948 0.878264070
1.715660000e+05 4.589359851e-19 42.225376219 104.299000000 104.293000000 0.658729631 0.878255649
1.801440000e+05 4.370770307e-19 42.274177502 104.302000000 104.297000000 0.658714893 0.878244421
1.891520000e+05 4.162580872e-19 42.322981483 104.306000000 104.300000000 0.658714892 0.878236000
1.986090000e+05 3.964336703e-19 42.371778214 104.309000000 104.303000000 0.658708575 0.878227580
2.085400000e+05 3.775500544e-19 42.420583798 104.313000000 104.307000000 0.658700153 0.878216354
2.189670000e+05 3.595680332e-19 42.469383550 104.316000000 104.310000000 0.658693837 0.878207935
2.299150000e+05 3.424418901e-19 42.518184974 104.319000000 104.314000000 0.658679102 0.878196709
2.414110000e+05 3.261316692e-19 42.566985760 104.322000000 104.317000000 0.658672787 0.878188291
2.534810000e+05 3.105992863e-19 42.615783340 104.326000000 104.320000000 0.658672786 0.878179872
2.661550000e+05 2.958060641e-19 42.664582902 104.329000000 104.323000000 0.658666471 0.878171454
2.794630000e+05 2.817171086e-19 42.713383546 104.332000000 104.326000000 0.658660156 0.878163037
2.934360000e+05 2.682987164e-19 42.762185980 104.335000000 104.330000000 0.658645424 0.878151814
3.081080000e+05 2.555199721e-19 42.810986378 104.339000000 104.333000000 0.658645423 0.878143397
3.235130000e+05 2.433503228e-19 42.859784890 104.342000000 104.336000000 0.658639109 0.878134980
3.396890000e+05 2.317597522e-19 42.908585669 104.345000000 104.339000000 0.658632795 0.878126564
3.566740000e+05 2.207204126e-19 42.957390154 104.348000000 104.343000000 0.658618066 0.878115343
3.745070000e+05 2.102082951e-19 43.006188032 104.351000000 104.346000000 0.658611753 0.878106927
3.932330000e+05 2.001961268e-19 43.054989433 104.355000000 104.349000000 0.658611752 0.878098512
4.128940000e+05 1.906614509e-19 43.103787606 104.358000000 104.352000000 0.658605439 0.878090097
4.335390000e+05 1.815804685e-19 43.152588045 104.361000000 104.355000000 0.658599127 0.878081683
4.552160000e+05 1.729321034e-19 43.201387901 104.364000000 104.358000000 0.658592815 0.878073268
4.779770000e+05 1.646950682e-19 43.250191260 104.367000000 104.362000000 0.658578089 0.878062050
5.018760000e+05 1.568508961e-19 43.298991305 104.370000000 104.365000000 0.658571777 0.878053637
5.269690000e+05 1.493810784e-19 43.347786339 104.373000000 104.367000000 0.658573880 0.878048028
5.533180000e+05 1.422657348e-19 43.396590272 104.376000000 104.371000000 0.658559155 0.878036811
5.809840000e+05 1.354898545e-19 43.445390190 104.380000000 104.374000000 0.658559154 0.878028398
6.100330000e+05 1.290367627e-19 43.494189607 104.382000000 104.377000000 0.658546534 0.878019986
6.405340000e+05 1.228911023e-19 43.542988337 104.385000000 104.380000000 0.658540224 0.878011574
6.725610000e+05 1.170379716e-19 43.591788527 104.388000000 104.383000000 0.658533915 0.878003163
7.061890000e+05 1.114636749e-19 43.640588200 104.392000000 104.386000000 0.658533913 0.877994751
7.414990000e+05 1.061547852e-19 43.689388686 104.395000000 104.389000000 0.658527604 0.877986340
7.785740000e+05 1.010988205e-19 43.738188494 104.398000000 104.392000000 0.658521294 0.877977930
8.175020000e+05 9.628375105e-20 43.786987381 104.400000000 104.395000000 0.658508678 0.877969520
8.583770000e+05 9.169794284e-20 43.835787007 104.403000000 104.398000000 0.658502369 0.877961110
9.012960000e+05 8.733052309e-20 43.884586917 104.406000000 104.401000000 0.658496060 0.877952700
9.463610000e+05 8.317111253e-20 43.933386870 104.409000000 104.404000000 0.658489752 0.877944291
9.936790000e+05 7.920982867e-20 43.982186562 104.412000000 104.407000000 0.658483444 0.877935882
1.043360000e+06 7.543742284e-20 44.030983477 104.415000000 104.410000000 0.658477137 0.877927473
1.095530000e+06 7.184434536e-20 44.079785044 104.418000000 104.413000000 0.658470829 0.877919065
1.150310000e+06 6.842232257e-20 44.128587828 104.421000000 104.416000000 0.658464522 0.877910657
1.207820000e+06 6.516378939e-20 44.177383016 104.424000000 104.419000000 0.658458215 0.877902249
1.268210000e+06 6.206020640e-20 44.226181968 104.427000000 104.422000000 0.658451908 0.877893842
1.331630000e+06 5.910397081e-20 44.274988843 104.430000000 104.425000000 0.658445602 0.877885435
1.398210000e+06 5.628901737e-20 44.323787510 104.433000000 104.428000000 0.658439296 0.877877028
1.468120000e+06 5.360826400e-20 44.372583718 104.435000000 104.430000000 0.658435092 0.877871424
