3.066322093831909038e-09
6.132644187663818076e-09
9.198966281495727528e-09
1.226528837532763615e-08
1.533161046915954478e-08
1.839793256299145506e-08
2.146425465682336533e-08
2.453057675065527230e-08
2.759689884448718258e-08
3.066322093831908955e-08
3.372954303215099652e-08
3.679586512598290349e-08
3.986218721981481708e-08
4.292850931364672405e-08
4.599483140747863102e-08
4.906115350131054461e-08
5.212747559514245158e-08
5.519379768897435855e-08
5.826011978280627214e-08
6.132644187663817911e-08
