1.049597280649090959e-09
2.135387570975736601e-09
3.221177861302382450e-09
4.306968151629027885e-09
5.392758441955673319e-09
6.478548732282318754e-09
7.564339022608965017e-09
8.650129312935610451e-09
9.735919603262255886e-09
1.082170989358890132e-08
1.190750018391554676e-08
1.299329047424219219e-08
1.407908076456883928e-08
1.516487105489548637e-08
1.625066134522213015e-08
1.733645163554877393e-08
1.842224192587542102e-08
1.950803221620206811e-08
2.059382250652871189e-08
2.167961279685535898e-08
2.276540308718200276e-08
2.385119337750864985e-08
2.493698366783529363e-08
2.602277395816194072e-08
2.710856424848858781e-08
2.819435453881523159e-08
2.928014482914187868e-08
3.036593511946852246e-08
3.145172540979517286e-08
3.253751570012181664e-08
