#IMAKA PARAMETER FILE
#SAVED BY IMAKA DATA CLIENT ON Wed Apr 24 07:10:53 2024

#HOSTNAME: ehu.ifa.hawaii.edu
sys_parm.nwfs                    1
sys_parm.nact                    64
sys_parm.nsub                    12
sys_parm.ncb                      2048
sys_parm.ncbmax                  27000
sys_parm.ncbskip                     1
sys_parm.cb_autoname                 1
sys_parm.sim_dm                      0
sys_parm.sim_wfscams                 0
target_parm.name                 TARGET
target_parm.tRA                     0.00000
target_parm.tDec                    0.00000
target_parm.fRA                     0.00000
target_parm.fDec                    0.00000
target_parm.nGS                  1
target_parm.gs               0   GSNAME0       0.00       0.00       0.00
wfscam_parm.camera_sn        0     20039871
wfscam_parm.npixx            0          120
wfscam_parm.npixy            0          120
wfscam_parm.x0               0          776
wfscam_parm.y0               0          452
wfscam_parm.texp             0     -999.000
wfscam_parm.temp             0     -999.000
wfscam_parm.emgain           0         -999
wfscam_parm.skyname          0   NO_SKY_LOADED
wfscam_parm.flatname         0   NO_FLAT_LOADED
wfscam_parm.simcamfile       0   NO_SIM_SPOT_FILE
wfs_parm.pixelweights        0    -4.500000 -3.500000 -2.500000 -1.500000 -0.500000  0.500000  1.500000  2.500000  3.500000  4.500000
wfs_parm.pixelthreshold      0            0
wfs_parm.xsub                0         5.00     15.00     25.00     35.00     45.00     55.00     65.00     75.00     85.00     95.00    105.00    115.00      5.00     15.00     25.00     35.00     45.00     55.00     65.00     75.00     85.00     95.00    105.00    115.00      5.00     15.00     25.00     35.00     45.00     55.00     65.00     75.00     85.00     95.00    105.00    115.00      5.00     15.00     25.00     35.00     45.00     55.00     65.00     75.00     85.00     95.00    105.00    115.00      5.00     15.00     25.00     35.00     45.00     55.00     65.00     75.00     85.00     95.00    105.00    115.00      5.00     15.00     25.00     35.00     45.00     55.00     65.00     75.00     85.00     95.00    105.00    115.00      5.00     15.00     25.00     35.00     45.00     55.00     65.00     75.00     85.00     95.00    105.00    115.00      5.00     15.00     25.00     35.00     45.00     55.00     65.00     75.00     85.00     95.00    105.00    115.00      5.00     15.00     25.00     35.00     45.00     55.00     65.00     75.00     85.00     95.00    105.00    115.00      5.00     15.00     25.00     35.00     45.00     55.00     65.00     75.00     85.00     95.00    105.00    115.00      5.00     15.00     25.00     35.00     45.00     55.00     65.00     75.00     85.00     95.00    105.00    115.00      5.00     15.00     25.00     35.00     45.00     55.00     65.00     75.00     85.00     95.00    105.00    115.00
wfs_parm.ysub                0         5.00      5.00      5.00      5.00      5.00      5.00      5.00      5.00      5.00      5.00      5.00      5.00     15.00     15.00     15.00     15.00     15.00     15.00     15.00     15.00     15.00     15.00     15.00     15.00     25.00     25.00     25.00     25.00     25.00     25.00     25.00     25.00     25.00     25.00     25.00     25.00     35.00     35.00     35.00     35.00     35.00     35.00     35.00     35.00     35.00     35.00     35.00     35.00     45.00     45.00     45.00     45.00     45.00     45.00     45.00     45.00     45.00     45.00     45.00     45.00     55.00     55.00     55.00     55.00     55.00     55.00     55.00     55.00     55.00     55.00     55.00     55.00     65.00     65.00     65.00     65.00     65.00     65.00     65.00     65.00     65.00     65.00     65.00     65.00     75.00     75.00     75.00     75.00     75.00     75.00     75.00     75.00     75.00     75.00     75.00     75.00     85.00     85.00     85.00     85.00     85.00     85.00     85.00     85.00     85.00     85.00     85.00     85.00     95.00     95.00     95.00     95.00     95.00     95.00     95.00     95.00     95.00     95.00     95.00     95.00    105.00    105.00    105.00    105.00    105.00    105.00    105.00    105.00    105.00    105.00    105.00    105.00    115.00    115.00    115.00    115.00    115.00    115.00    115.00    115.00    115.00    115.00    115.00    115.00
wfs_parm.centroidoffsetname  0   NO_OFFSETS_LOADED
dm_parm.xact                           0.27      0.00     -0.27     -0.27     -0.00      0.27     -0.68     -0.50     -0.18      0.18      0.49      0.68      0.68      0.50      0.18     -0.18     -0.49     -0.68      1.40      1.32      1.07      0.70      0.24     -0.24     -0.70     -1.07     -1.32     -1.40     -1.32     -1.07     -0.70     -0.24      0.24      0.70      1.07      1.32      0.00      0.00      0.00      0.00      0.00      0.00      0.00      0.00      0.00      0.00      0.00      0.00      0.00      0.00      0.00      0.00      0.00      0.00      0.00      0.00      0.00      0.00      0.00      0.00      0.00      0.00      0.00      0.00
dm_parm.yact                           0.16      0.31      0.16     -0.16     -0.31     -0.16     -0.18     -0.49     -0.68     -0.68     -0.50     -0.18      0.18      0.49      0.68      0.68      0.50      0.18     -0.00      0.48      0.90      1.21      1.38      1.38      1.21      0.90      0.48      0.00     -0.48     -0.90     -1.21     -1.38     -1.38     -1.21     -0.90     -0.48      0.00      0.00      0.00      0.00      0.00      0.00      0.00      0.00      0.00      0.00      0.00      0.00      0.00      0.00      0.00      0.00      0.00      0.00      0.00      0.00      0.00      0.00      0.00      0.00      0.00      0.00      0.00      0.00
dm_parm.voltmax                   0.50000
loop_parm.niter                  1000000000
loop_parm.nave                  5000
loop_parm.gains(P,I,D)          0.00000   1.00000   0.00000
loop_parm.imatname               NONE_ERROR_LOADING_IMAT
loop_parm.cmatname0          
loop_parm.cmatname1          
loop_parm.cmatname2          
loop_parm.cmatname3          
loop_parm.cmatname4          
loop_parm.cmatname5          
loop_parm.cmatname6          
loop_parm.cmatname7          
loop_parm.cmat2name              NO_CMAT2_LOADED
